21.0 8.48528137423857 8.48528137423857 0.5826538352613309
20.000166607027595 8.456664535711557 8.514190705808982 -0.49874904111256946
19.000097601057195 8.476351360775233 8.494222132469071 0.5002474505847143
18.00023751518379 8.451126025036041 8.519767996222155 2.5491138123625845
17.0039524873594 24.49364681083497 8.65472032752493 10.256413506512922
16.065631797381126 39.45079880996788 9.267342169404097 20.59294540216655
15.375758727244069 35.99262168325718 10.955612763327478 20.143659078077924
14.872659083751868 33.42398617315274 13.725069792374843 18.966095752799312
14.516443801312567 31.527405147705178 14.206820259901813 19.04443256696038
14.350980108905897 30.039122800738912 12.822179278526987 20.588361823568626
14.505857356936897 28.8590265486367 11.70485873881223 23.575128144772535
15.256318662033953 28.025253703442626 10.857921909149196 16.182041810795987
15.814472762897786 21.12525096277692 10.212417174757654 12.135031153258167
16.230051754671877 15.733205036616377 9.663580380087833 12.812026609183267
30.366925999552166 13.246324871499683 9.215806562603529 11.35615945489337
28.29664930937672 12.138638243733702 8.840668099286999 12.812920751828285
26.356765811408486 11.059908575247817 8.578786334612113 12.655246568562593
24.653491875161063 10.246951059661768 8.417852307029953 11.766901256457425
23.167497384605902 9.652972260260789 8.34306053837619 10.243134333477721
21.857774497347155 9.237566902486984 8.329526228551261 8.515556726919646
20.671562031044765 8.950282766113023 8.354125913628122 5.448804786443322
19.582514893358628 8.84449706074858 8.345707651434335 3.750817651865699
18.534741630677214 8.813838016572003 8.318901009826742 3.5580735358665994
17.499772146338 8.766985192387992 8.315507132570525 2.7510825345390355
16.478946285454956 8.742146309255883 25.20118836303124 -14.822272266090778
15.669852750749609 9.867752350582181 26.440751077624494 -17.658396802595774
15.040237149674402 11.849788979759387 29.054460477907757 -21.502561408272022
14.70122539393617 14.804345271199145 34.90492812089098 -11.94451992270122
14.151362695630384 13.45743012636092 35.40158606383305 -19.64680732600717
14.066142977380155 12.168184873434145 33.869614444507384 -20.94731266053404
14.317350616078253 11.143049179563302 32.71889163465229 -20.117327582736877
14.869307276141875 10.360980781074923 31.963622963550854 -24.948238113693556
16.517774750129387 9.847188123745456 14.656055810602359 -9.746158653514406
16.86495140310411 9.357393838952 13.549489111370631 -9.926161474719368
17.462913173877123 8.93618849505478 12.715570219043867 -10.382548826886161
18.469416184655362 8.590960427054902 11.958845392645419 -10.975428032387997
20.1356014415275 8.332057789997618 11.232710960397977 -11.278956613549362
22.796599228862743 8.164413528069677 10.571904980606588 -10.85145830909076
26.832691129763234 8.078799949119029 10.029104291146023 -11.546086918841825
25.664889774296576 8.112688970188957 9.464247018673058 -9.865102878751472
24.440414463634692 8.206312781434702 9.051915526294813 3.438423479822097
23.51327795116948 7.914181963826941 9.539286284748526 -10.724053698095588
22.349715063787833 8.09899594928807 9.047063431454673 2.570226131825475
21.384594491630118 7.876576077974039 9.373190584951656 -11.586949938735565
20.296132248908147 8.190069477550828 8.82800637918159 0.6030185928500664
19.29943146441314 8.101812679820386 8.930855019848602 0.37277953661220664
18.301467240177463 8.019163512858828 9.026417204443018 1.2454397008354778
17.308659590259325 7.898096841580132 9.177738424444883 -2.3573968217132713
16.29782817036445 7.9163973584553124 9.12651800406378 -1.5563830454417626
15.292542840182891 7.920859465570201 9.10381674906576 -3.1901718613765873
