6.123233995736766e-17 1.0 90.0
1.5612511283791264e-16 1.999799258942455 89.61733749359011
0.006678638598074461 2.999772103454029 89.67683820781151
0.012318551891735599 3.999704056146535 89.87187006888591
0.014554535662751774 4.999565825071306 89.55720885089305
0.02214470943787053 5.981690843073052 85.96285169809003
0.08603423917657832 6.886919000876185 77.9131661170288
0.2795019560298344 7.79037813279047 70.58737138192915
0.5975437434327835 8.692871776501683 65.0316988070229
1.0019889484872953 9.561461610927731 59.555166583720265
1.496331039243209 10.402538722914148 55.35775217903575
2.0225167718869455 11.16408637935904 48.111869219807545
2.6388811297640755 11.851322035274368 40.74916003384147
3.3369199703704386 12.45277294988079 33.30681592725186
4.170287378391985 13.000334943585166 31.867965468621776
5.017140207148943 13.526797706047338 30.428782833256072
5.876955729224596 14.031829257477739 28.991737478200562
6.74916789633522 14.515139942455624 27.55515977707888
7.632866206108127 14.976246007272113 26.020122332339643
8.518235663994746 15.408454521342547 22.748259004223776
9.420877809548141 15.786931536188447 18.83152080602144
10.349038328514053 16.10347305354924 15.09024205094831
11.306103033618474 16.361534075000943 12.567859010428766
12.2773644977834 16.578064738302277 10.6801706150742
13.255728733729583 16.762577913581246 8.892522656881704
14.23887217495622 16.916402619893855 7.004709192453282
15.221561902278546 17.03714373322558 9.689195385832988
16.174314962220986 17.199815886200284 14.594239132839125
17.137397052085525 17.45057657857479 16.46506043466411
18.096162407791873 17.733939965134837 16.880950525369
19.03248708708831 18.01807714614494 12.937684337953886
19.973979730802277 18.234359561732827 17.880476679139637
20.814653023105702 18.505573331150604 26.869465494660176
21.544813265507745 18.875515620566713 37.90909763393168
22.2215156307101 19.40248662690907 47.77783225573946
22.846026959315672 20.090691388016282 54.848287593369875
23.391407513189098 20.86520256080444 60.98025885035345
23.853863965774277 21.69881858749015 66.75827627311568
24.228108637384366 22.570243695662555 72.82598014230469
24.488763313312855 23.413636516273282 81.83631660639526
24.627403405102456 24.380070913019047 85.97083208856687
24.69763525977108 25.377138692903767 86.5511781209742
24.757517186638555 26.37076406668604 88.37565418982115
24.785847058094962 27.369779896244715 89.02748470574431
24.802813080758995 28.369237842621327 89.56631927094853
24.810380141727826 29.3689418826814 90.00789859499488
24.810242309809222 30.368763645084552 90.36846725388817
24.80381213970062 31.36862598262985 90.66059514103928
24.792283694541375 32.368484961863984 90.89381502188101
24.776685017468544 33.368318080587024 91.07541872386396
24.757916994981066 34.36811673844698 91.21101223557899
