6.123233995736766e-17 1.0 90.0
2.1163626406917047e-16 1.9999482938483186 89.80578503042372
0.0033895557607512613 2.9999046624253882 89.97203284451832
0.003877656082466551 3.9998664286663232 89.80528557747101
0.007272694475237797 4.998871123900492 88.95583014428043
0.02520469510988585 5.982728494227091 85.55325543478503
0.09778303740185951 6.91601351448748 78.82029074962472
0.27981032590486077 7.837030236349153 72.22867844636066
0.5684590213452602 8.737614126606378 66.00926486723269
0.9527936236586063 9.60121957726875 59.76501567501411
1.4241801075938567 10.410006324272393 53.03349117532898
1.9753375437002954 11.142307159796077 45.37217581229929
2.6500040507444367 11.82579595122419 40.04190145954344
3.3984713689285444 12.454767938018072 36.02377210641556
4.187108259646914 13.02824625632915 31.784732103874397
5.020499503708804 13.544663318808734 28.02137585708036
5.881290295055683 14.00276591797741 23.782044430757075
6.774145250971701 14.39622768464731 19.594117255780574
7.696439417961624 14.724535166913146 15.696324974916413
8.643804874206996 14.990762021883832 12.298113699589521
9.610086135095836 15.201412084105774 9.46888375457214
10.59200423192077 15.365180675897445 7.655049002736186
11.580969323912436 15.498104016979951 6.405570245548068
12.572810843755668 15.609454509109279 5.220223335185701
13.567515450390612 15.700333733785598 4.3035090372283635
14.5315138279105 15.772876509311988 9.195281846837855
15.472150741177213 15.92514695558376 14.998590429316133
16.37085519621377 16.16593039169056 22.016578033420373
17.277858016877886 16.532688626071916 25.972449886115317
18.124525471936067 16.94513209696341 32.40731832812503
18.91298748248428 17.44564658496403 39.25150836925853
19.64011900632024 18.039769880271738 45.83482492432616
20.271835885360012 18.690169081447014 53.917378888228484
20.85228704556253 19.4866736776193 57.152172405563434
21.38657724671673 20.31421189440574 60.44618092753719
21.871742006869763 21.16986139367803 63.89019456478423
22.303785084324964 22.051389152964028 67.52878263663662
22.678622386470238 22.957613806968396 71.26685085477486
22.994040523974345 23.887704271813064 74.8647820087867
23.249854858937383 24.833482557413042 78.69032349672045
23.443066877486732 25.79956509336495 81.96424897674473
23.582606204628664 26.787963636500354 80.81871933270929
23.73937814278992 27.757910605186897 84.37485138756962
23.837299257337925 28.752093929882445 83.51836475703996
23.94788352462638 29.725453302650102 87.35728054843695
23.993988774002297 30.724334447533657 87.15627764936073
24.04359966738214 31.723081877479117 87.03201858308964
24.095365319645484 32.72150458028205 86.6169010762926
24.154327288131903 33.71891702501096 87.40250294356801
24.199629917413404 34.7175210355635 87.92124057949806
