6.123233995736766e-17 1.0 21.0 8.48528137423857 8.48528137423857 1.1480558065325752
1.5612511283791264e-16 1.999799258942455 20.000646806921623 8.429173688540601 8.542524605944546 -0.1785023993389423
0.006678638598074461 2.999772103454029 19.000530120805507 8.428432310244803 8.54304683791743 -0.5851046228718237
0.012318551891735599 3.999704056146535 18.00034095359046 8.448987075191537 8.521780896480346 0.944021620148261
0.014554535662751774 4.999565825071306 17.000941858865666 24.230221389260514 8.572368591139274 10.840562784962598
0.02214470943787053 5.981690843073052 16.058155651273474 39.698681508539096 9.186126092583526 24.840608021462614
0.08603423917657832 6.886919000876185 15.455712829376536 35.633285324831796 11.200588284697316 22.490698859862736
0.2795019560298344 7.79037813279047 15.066140655410477 32.952194167071006 14.539688556840003 16.884222797961584
0.5975437434327835 8.692871776501683 14.67900674389743 31.29574709323811 14.164004387452366 16.637415907056297
1.0019889484872953 9.561461610927731 14.427893270826194 29.95952868572516 12.85097612432507 12.6843405184672
1.496331039243209 10.402538722914148 14.096530289004518 28.97585038813433 11.789580608365958 22.233561714133014
2.0225167718869455 11.16408637935904 14.555598655852481 28.018798456709483 10.851915354772574 22.609626400492374
2.6388811297640755 11.851322035274368 15.54760476541964 24.976313514531103 10.176672989219245 22.866504354093184
3.3369199703704386 12.45277294988079 17.386341908436805 12.102250974507736 9.749560385145907 4.320190186535524
4.170287378391985 13.000334943585166 30.414124588079677 13.205941968410345 9.24133433597308 4.321189241778751
5.017140207148943 13.526797706047338 28.97371857310109 14.018415411546746 8.754794328948774 4.314761174800874
5.876955729224596 14.031829257477739 27.578976532500306 14.619943817479323 8.289626399151935 4.31335466906698
6.74916789633522 14.515139942455624 26.225723802781257 15.061134870371284 7.845715881294319 4.60953232559786
7.632866206108127 14.976246007272113 24.88998145528482 15.30041255154275 7.427569737827968 9.858833877947813
8.518235663994746 15.408454521342547 23.293719362354928 14.28251048798033 7.1219221584450665 11.824830235550879
9.420877809548141 15.786931536188447 21.74298446750795 13.121931715514094 6.922630281603388 11.288757162017085
10.349038328514053 16.10347305354924 20.352787178418254 12.240353157801938 6.8025454615233665 7.5868568076346055
11.306103033618474 16.361534075000943 19.152818034977326 11.861886860958736 6.680431442009791 5.671297043450991
12.2773644977834 16.578064738302277 18.035056888405343 11.667126091246118 6.5648554947551 5.369931941551704
13.255728733729583 16.762577913581246 16.94798524009595 11.475576574367398 6.4826561617965055 5.671673891759976
14.23887217495622 16.916402619893855 15.879651451553482 11.235282049679155 25.603008712371732 -8.077240048268852
15.221561902278546 17.03714373322558 14.992299887885759 12.174746544515294 25.56772249997752 -14.863308968074293
16.174314962220986 17.199815886200284 14.286650824501372 14.22549790917441 27.316983754375705 -5.620476442699147
17.137397052085525 17.45057657857479 13.412617477727187 14.641118583879354 26.92641573869585 -1.2477579402942007
18.096162407791873 17.733939965134837 12.439869287144814 13.496870258759511 25.257177464462433 11.9059605529122
19.03248708708831 18.01807714614494 11.253184588673495 12.941457243678077 20.66062480457315 -14.980074324499617
19.973979730802277 18.234359561732827 10.534863895402557 11.264463202547699 21.994207470058463 -27.952145209527433
20.814653023105702 18.505573331150604 10.297029547892787 9.665225128118044 29.517514454506575 -35.0620944102319
21.544813265507745 18.875515620566713 10.716515864431521 8.520354226945061 31.364373179596615 -30.942296676968347
22.2215156307101 19.40248662690907 11.57500228211486 7.7876351320884645 30.633508892759068 -21.670559459217902
22.846026959315672 20.090691388016282 12.425626661183559 7.260969969430006 28.332724955782613 -18.690546227951266
23.391407513189098 20.86520256080444 13.62284776961367 6.874236286099193 19.583317467590508 -17.579195256162166
23.853863965774277 21.69881858749015 15.575171343732622 6.617600233977075 15.791736281723262 -18.48828295702936
24.228108637384366 22.570243695662555 19.547520499409522 6.526561548788893 13.342486727711519 -28.023777398588013
24.488763313312855 23.413636516273282 26.85853616220416 6.886020120481461 10.823065241089436 -12.491507052578779
24.627403405102456 24.380070913019047 25.6834079503587 7.115612324495043 10.10776076448858 -1.7412763588311941
24.69763525977108 25.377138692903767 24.667535931078405 7.085279240188131 10.097615928552415 -5.480858336742278
24.757517186638555 26.37076406668604 23.63873491098503 7.2124418843401745 9.83943885114507 -1.9558291798631355
24.785847058094962 27.369779896244715 22.633480411040217 7.251885772458676 9.763761558089694 -1.6166943886134755
24.802813080758995 28.369237842621327 21.63138180841124 7.294925292433686 9.694285084410977 -1.3248429128790118
24.810380141727826 29.3689418826814 20.63105831335916 7.340242756968998 9.630004494250302 -1.0817631044742182
24.810242309809222 30.368763645084552 19.631642309705885 7.387084231160296 9.569792335186 -0.8764140408358445
24.80381213970062 31.36862598262985 18.632612427309276 7.4347307685137105 9.512997434828916 -0.6996751000594603
24.792283694541375 32.368484961863984 17.633660662587637 7.482455155154117 9.459330990108489 -0.5448184039894066
24.776685017468544 33.368318080587024 16.634612001936702 7.529527062633566 9.40874908678424 -0.4067835728192071
24.757916994981066 34.36811673844698 15.635375580914568 7.5752158657580555 9.361380018777396 -0.28157741289812854
